+-------+-----+------+-------+-----+-----+--------+-------------------------------------------+-------+-------+---------+-------+-------+-------+-------+--------+-----------+------------+--------------+-----------+
| COUNT | 1XX | 2XX  |  3XX  | 4XX | 5XX | METHOD |                    URI                    |  MIN  |  MAX  |   SUM   |  AVG  |  P90  |  P95  |  P99  | STDDEV | MIN(BODY) | MAX(BODY)  |  SUM(BODY)   | AVG(BODY) |
+-------+-----+------+-------+-----+-----+--------+-------------------------------------------+-------+-------+---------+-------+-------+-------+-------+--------+-----------+------------+--------------+-----------+
|   115 |   0 |  112 |     0 |   3 |   0 | POST   | ^/api/livestream/.*/moderate              | 0.053 | 3.947 | 121.625 | 1.058 | 2.559 | 2.834 | 3.309 |  0.809 |     0.000 |     17.000 |     1904.000 |    16.557 |
|    27 |   0 |   25 |     0 |   2 |   0 | GET    | ^/api/livestream/.*/statistics            | 0.598 | 6.250 | 120.783 | 4.473 | 6.200 | 6.241 | 6.250 |  1.569 |     0.000 |     82.000 |     2022.000 |    74.889 |
| 36331 |   0 |   68 | 36261 |   2 |   0 | GET    | ^/api/user/.*/icon                        | 0.001 | 0.108 | 109.075 | 0.003 | 0.005 | 0.006 | 0.009 |  0.002 |     0.000 |  93635.000 |  4401952.000 |   121.162 |
|  4467 |   0 | 4466 |     0 |   1 |   0 | GET    | ^/api/livestream/.*/livecomment           | 0.001 | 0.245 | 102.947 | 0.023 | 0.049 | 0.063 | 0.093 |  0.021 |     0.000 |  68015.000 | 53793319.000 | 12042.382 |
|  4117 |   0 | 4114 |     0 |   3 |   0 | POST   | ^/api/livestream/.*/livecomment           | 0.003 | 0.204 |  67.221 | 0.016 | 0.021 | 0.025 | 0.055 |  0.010 |     0.000 |   1721.000 |  6186497.000 |  1502.671 |
|   504 |   0 |  502 |     0 |   2 |   0 | GET    | ^/api/livestream/search                   | 0.008 | 0.677 |  59.102 | 0.117 | 0.173 | 0.231 | 0.326 |  0.056 |     0.000 | 148146.000 | 27100074.000 | 53769.988 |
|    44 |   0 |   43 |     0 |   1 |   0 | GET    | ^/api/user/.*/statistics                  | 0.729 | 2.532 |  57.602 | 1.309 | 2.156 | 2.377 | 2.532 |  0.501 |     0.000 |    133.000 |     4979.000 |   113.159 |
|  1373 |   0 | 1370 |     0 |   2 |   1 | POST   | /api/register                             | 0.001 | 0.302 |  50.357 | 0.037 | 0.044 | 0.052 | 0.099 |  0.019 |     0.000 | 167320.000 |   755342.000 |   550.140 |
|  4085 |   0 | 4085 |     0 |   0 |   0 | POST   | ^/api/livestream/.*/reaction              | 0.001 | 0.210 |  49.667 | 0.012 | 0.016 | 0.019 | 0.048 |  0.011 |  1326.000 |   1580.000 |  5971720.000 |  1461.865 |
|  1190 |   0 | 1187 |     0 |   3 |   0 | POST   | ^/api/livestream/reservation              | 0.009 | 0.207 |  30.595 | 0.026 | 0.033 | 0.039 | 0.074 |  0.013 |    38.000 |   1060.000 |  1127868.000 |   947.788 |
|  1478 |   0 | 1433 |     0 |   1 |  44 | POST   | /api/icon                                 | 0.005 | 0.210 |  26.760 | 0.018 | 0.024 | 0.039 | 0.088 |  0.015 |     0.000 | 167830.000 |  7396117.000 |  5004.139 |
|  4500 |   0 | 4500 |     0 |   0 |   0 | GET    | ^/api/livestream/.*/reaction              | 0.001 | 0.059 |  25.771 | 0.006 | 0.009 | 0.010 | 0.016 |  0.003 |     2.000 |  63574.000 | 50957921.000 | 11323.982 |
|  1378 |   0 | 1376 |     0 |   2 |   0 | POST   | /api/login                                | 0.001 | 0.032 |   6.390 | 0.005 | 0.007 | 0.008 | 0.011 |  0.002 |     0.000 |     40.000 |       80.000 |     0.058 |
|  1207 |   0 | 1207 |     0 |   0 |   0 | GET    | /api/tag                                  | 0.001 | 0.025 |   4.139 | 0.003 | 0.006 | 0.007 | 0.010 |  0.002 |  3384.000 |   3384.000 |  4084488.000 |  3384.000 |
|   399 |   0 |  399 |     0 |   0 |   0 | POST   | ^/api/livestream/.*/enter                 | 0.002 | 0.084 |   3.712 | 0.009 | 0.013 | 0.016 | 0.035 |  0.007 |     0.000 |      0.000 |        0.000 |     0.000 |
|     1 |   0 |    1 |     0 |   0 |   0 | POST   | /api/initialize                           | 3.330 | 3.330 |   3.330 | 3.330 | 3.330 | 3.330 | 3.330 |  0.000 |    19.000 |     19.000 |       19.000 |    19.000 |
|   391 |   0 |  391 |     0 |   0 |   0 | DELETE | ^/api/livestream/.*/exit                  | 0.001 | 0.055 |   3.299 | 0.008 | 0.013 | 0.016 | 0.026 |  0.004 |     0.000 |      0.000 |        0.000 |     0.000 |
|   407 |   0 |  407 |     0 |   0 |   0 | GET    | ^/api/livestream/.*/ngwords               | 0.003 | 0.107 |   3.107 | 0.008 | 0.011 | 0.013 | 0.017 |  0.006 |     2.000 |    280.000 |     6310.000 |    15.504 |
|   705 |   0 |  701 |     0 |   0 |   4 | GET    | ^/api/livestream/.*/report                | 0.001 | 0.049 |   2.589 | 0.004 | 0.006 | 0.007 | 0.014 |  0.004 |     2.000 | 168614.000 |   719523.000 |  1020.600 |
|   198 |   0 |  198 |     0 |   0 |   0 | GET    | /api/livestream                           | 0.001 | 0.030 |   1.550 | 0.008 | 0.017 | 0.023 | 0.030 |  0.007 |     2.000 |  17621.000 |   476972.000 |  2408.949 |
|    60 |   0 |   51 |     0 |   9 |   0 | POST   | ^/api/livestream/.*/livecomment/.*/report | 0.002 | 0.098 |   0.923 | 0.015 | 0.023 | 0.047 | 0.098 |  0.015 |    33.000 |   2081.000 |   100957.000 |  1682.617 |
|    41 |   0 |   41 |     0 |   0 |   0 | GET    | ^/api/user/.*/livestream                  | 0.010 | 0.057 |   0.831 | 0.020 | 0.031 | 0.035 | 0.057 |  0.009 |  1894.000 |  11235.000 |   257686.000 |  6285.024 |
|    43 |   0 |   43 |     0 |   0 |   0 | GET    | ^/api/user/.*/theme                       | 0.001 | 0.009 |   0.126 | 0.003 | 0.005 | 0.005 | 0.009 |  0.001 |    28.000 |     28.000 |     1204.000 |    28.000 |
|     3 |   0 |    3 |     0 |   0 |   0 | GET    | ^/api/user/me                             | 0.001 | 0.009 |   0.011 | 0.004 | 0.009 | 0.009 | 0.009 |  0.004 |   194.000 |    206.000 |      606.000 |   202.000 |
|     1 |   0 |    1 |     0 |   0 |   0 | GET    | /api/payment                              | 0.005 | 0.005 |   0.005 | 0.005 | 0.005 | 0.005 | 0.005 |  0.000 |    15.000 |     15.000 |       15.000 |    15.000 |
|     1 |   0 |    1 |     0 |   0 |   0 | GET    | ^/api/livestream/.*                       | 0.002 | 0.002 |   0.002 | 0.002 | 0.002 | 0.002 | 0.002 |  0.000 |  1060.000 |   1060.000 |     1060.000 |  1060.000 |
|     1 |   0 |    1 |     0 |   0 |   0 | GET    | ^/api/user/.*                             | 0.001 | 0.001 |   0.001 | 0.001 | 0.001 | 0.001 | 0.001 |  0.000 |   194.000 |    194.000 |      194.000 |   194.000 |
+-------+-----+------+-------+-----+-----+--------+-------------------------------------------+-------+-------+---------+-------+-------+-------+-------+--------+-----------+------------+--------------+-----------+
